    16
18
16
    13
7
4
6
0
22
20
21
5
9
24
10
16
17
12
19
3
2
15
18
11
23
8
14
1
    12
23
21
6
2
18
5
3
13
0
24
15
14
22
7
8
9
10
17
20
4
16
1
19
11
    24
2
22
9
11
23
0
21
14
19
4
7
8
16
20
10
5
3
17
6
1
18
15
13
12
    20
16
2
7
17
23
10
18
22
24
19
3
0
14
5
11
13
21
4
15
    4
11
5
2
18
12
7
19
23
3
9
21
6
17
20
16
1
13
14
0
15
22
8
10
    20
15
22
17
13
6
1
11
12
16
4
21
    20
0
1
9
24
10
3
23
22
16
21
15
11
5
    13
6
19
0
17
18
10
12
    15
18
21
10
12
4
6
14
13
19
5
9
    19
9
18
15
1
3
6
2
22
12
5
13
17
16
11
10
0
4
24
8
    19
15
20
24
17
7
0
21
3
16
13
8
4
10
6
22
23
18
9
11
5
14
2
1
12
    22
13
16
7
10
23
0
9
2
1
19
21
5
17
    6
22
0
20
16
8
1
21
10
23
    7
20
2
11
13
23
6
21
5
22
    14
10
9
23
11
1
18
13
17
24
22
5
21
7
0
19
0

    11

    0

    0

    8

    0

    0

    23

    0

    0

    1

    0

    0

    9

    0

    0

    10

    0

    0

    6

    0

    0

    9

    0

    0

    14

    0

    0

    8

    0

        14
11
22
19
1
10
5
18
4
21
16
13
23
12
    5
17
22
13
7
11
12
14
1
0
15
16
10
24
9
4
21
2
6
20
18
3
8
23
19
    4
21
15
23
14
20
0
22
    21
22
12
1
8
6
2
20
18
11
13
16
    24
13
4
16
5
21
10
2
18
6
14
11
    0
4
17
10
23
2
16
7
1
13
5
3
6
11
19
15
    11
23
3
13
0
8
20
18
    1
3
21
2
15
24
0
12
19
14
16
4
18
7
9
17
    24
10
19
9
17
21
8
15
3
6
22
1
0
23
5
13
14
2
20
18
16
11
4
12
    6
10
19
4
12
2
5
20
0
14
15
24
7
23
1
21
3
22
    20
17
9
22
1
7
13
12
    7
0
4
14
8
22
12
9
16
11
10
6
23
3
15
5
21
20
1
17
24
19
18
13
2
    22
6
13
17
1
3
11
0
20
8
2
4
12
19
5
18
7
16
    2
1
13
0
21
5
7
15
24
10
    5
23
6
22
3
11
13
7
16
21
10
20
    18
19
1
4
7
8
6
23
20
24
15
5
21
16
9
12
    24
19
10
8
0
18
17
23
1
13
    17
19
10
9
23
0
12
4
16
14
    23
15
9
1
21
5
18
13
6
7
0
19
    22
0
14
5
17
4
20
2
16
1
11
3
    7
15
11
24
9
21
0
19
4
12
6
8
23
13
17
20
14
16
    4
2
23
10
6
17
22
8
11
13
16
21
1
    23
8
22
20
12
4
9
3
5
24
7
21
17
    6
10
12
20
0
4
18
    14
10
9
18
8
4
3
16
7
11
6
    19
17
21
12
6
1
5
4
23
22
16
7
    9
4
18
24
23
21
8
5
13
    11
7
19
1
5
14
13
16
22
15
23
8
17
    19
12
18
20
1
22
17
24
16
    22
18
11
19
7
5
15
14
3
    24
3
8
10
4
21
14
15
17
19
11
0
13
5
    7
10
3
11
2
16
22
21
24
6
    18
9
12
15
6
19
0
    6
16
14
5
13
8
17
22
11
3
12
    0
19
1
13
2
23
3
    9
12
23
22
16
11
8
6
24
0
20
18
    18
    16
21
23
18
9
14
0
24
1
8
19
2
12
7
11
17
6
    6
10
6
    6
10
6
    6
10
6
    6
10
6
    6
10
6
    6
10
6
    6
10
6
    6
10
6
    6
10
6
    6
10
6
    6
10
6
    6
10
6
    6
10
6
    6
10
6
    6
10
6
    6
10
6
    6
10
6
    6
10
6
    17
10
7
10
    13
    7
    24
8
16
10
1
0
14
13
18
    16
5
3
9
13
15
12
19
17
2
11
0
10
    10
8
10
    10
23
10
    10
4
10
    10
0
10
    10
22
10
    10
4
10
    3
    21
13
20
5
2
19
0
18
23
7
22
    15
6
11
14
0
21
5
22
10
    7
    6
4
8
7
22
2
5
3
12
1
    1
    1
    1
    5
10
3
18
24
8
4
17
20
23
11
13
    16
1
7
20
17
6
19
14
18
    12
21
17
    17
5
4
9
10
8
6
1
12
13
14
19
11
7
    12
    7
    9
11
19
10
6
15
23
17
7
5
8
    3
21
20
9
10
0
4
24
14
23
1
22
    20
14
12
5
2
21
13
10
4
22
0
1
3
15
16
18
8
    13
9
8
11
24
2
1
16
6
21
3
19
18
    20
24
8
15
18
6
7
4
14
10
2
1
17
13
12
    20
9
7
24
14
17
4
12
22
2
16
23
6
11
15
5
    20
18
24
2
1
7
12
10
3
23
15
6
16
19
8
    5
2
17
9
4
20
7
21
16
15
13
8
1
24
19
    19
24
19
    19
24
19
    19
24
19
    19
24
19
    19
24
19
    19
24
19
    19
24
19
    19
24
19
    16
10
13
12
21
19
5
22
7
0
11
14
6
    18
12
24
1
9
7
15
19
3
13
    20
24
10
7
5
18
15
    0
10
5
24
8
15
22
2
9
12
21
16
23
18
20
    5
3
17
23
12
24
2
16
7
    2
14
19
24
16
5
20
23
4
15
13
21
6
22
    10
2
14
8
22
5
13
24
3
18
9
21
4
15
19
    14
5
8
10
23
11
1
15
24
0
    21
13
0
9
11
15
18
17
16
23
6
    0
18
4
16
23
17
22
15
